47;179949
79;290939
89;54020
108;19593
127;277977
130;103772
200;20249
205;290950
209;22870
220;116904
275;65994
351;292784
377;278955
396;27820
411;4626
480;93475
535;277975
541;280234
545;272329
559;224880
579;104787
590;132780
591;291385
600;72079
614;282930
626;34282
656;36730
662;33901
692;36072
692;151424
729;290696
744;90883
772;292407
848;280532
884;145289
906;281195
984;163830
1047;51640
1052;96741
1071;51772
1131;210471
1133;121096
1135;144185
1142;280271
1157;4189
1161;230650
1185;80322
1212;158577
1215;279761
1286;16438
1296;259993
1420;291789
1472;19356
1487;49557
1498;281088
1521;130524
1523;38997
1526;39110
1537;176400
1544;86134
1625;13340
1627;277467
1673;292875
1688;10510
1738;292938
1740;282712
1755;251950
1785;64092
1794;235245
1820;14826
1864;12882
1901;282444
1945;229261
1982;206334
2026;204960
2058;291113
2072;254290
2241;283042
2258;231932
2347;293107
2373;292153
2431;277581
2439;22225
2444;254975
2467;279224
2479;25259
2482;279440
2483;23329
2501;9717
2531;120324
2536;195863
2546;49590
2570;103799
2572;24481
2643;22799
2656;45470
2659;159646
2731;292180
2758;122033
2778;247294
2820;17060
2843;20834
2859;174998
2927;23990
2969;293216
2992;265195
3086;47082
3088;139939
3114;188522
3129;291660
3152;54704
3250;280927
3251;206849
3273;107042
3306;116262
3368;56960
3408;98302
3447;213373
3480;142956
3591;101745
3621;282352
3624;290768
3682;292230
3851;29750
3853;125032
3861;160172
3862;33499
3876;73180
3877;279536
3891;281621
3894;47201
3913;279169
3929;138037
3933;38296
3933;292425
3970;2682
3985;119946
3999;84565
4019;277536
4037;72885
4099;282594
4141;280067
4142;17426
4158;293404
4159;20990
4169;58238
4198;262013
4200;291632
4273;186872
4279;17736
4303;197998
4347;45616
4349;292336
4396;144096
4409;118109
4431;280565
4432;274623
4439;173185
4501;163783
4595;271969
4715;281660
4747;291711
4760;77682
4777;279449
4780;164216
4787;110019
4802;39284
4803;291132
4805;147427
4833;281655
4834;278706
4839;280465
4871;292333
4906;264822
4915;49573
4963;176702
4969;233870
5020;87750
5031;57053
5036;21130
5064;265497
5065;150991
5069;279159
5131;41971
5181;143120
5230;190896
5254;91480
5264;3158
5300;104019
5319;129232
5327;48755
5384;49298
5396;125342
5443;51721
5471;249076
5479;273309
5483;85383
5520;172766
5573;14613
5674;282360
5695;216291
5756;5134
5767;281543
5814;6840
5828;8575
5870;86703
5884;14443
5899;117625
5925;75701
5927;84506
5953;5444
5954;143820
5955;180319
5989;110400
6000;108111
6018;292574
6043;206270
6050;51403
6073;290933
6073;292420
6132;165395
6191;291389
6193;136530
6206;17612
6223;291542
6241;268224
6321;3433
6375;292617
6470;208868
6517;280793
6539;48666
6548;37877
6560;49727
6570;292194
6625;32280
6653;186902
6654;166049
6705;291327
6726;280146
6781;136271
6870;190217
6901;19895
6980;11800
7008;269174
7075;46531
7085;66117
7131;292642
7146;291222
7152;210005
7189;118532
7272;20028
7350;115312
7420;190012
7455;283175
7467;164534
7501;163805
7546;153230
7554;292335
7566;15164
7584;141933
7587;239240
7606;124605
7620;292955
7631;3182
7633;19852
7658;52175
7671;53902
7735;35912
7745;6076
7781;255394
7821;282994
7876;175145
7893;156680
7899;103985
7918;219991
7919;292445
7961;165859
7991;241342
8007;24708
8052;49700
8055;291858
8056;166260
8058;282220
8083;178411
8111;18856
8142;280446
8148;292443
8208;48500
8208;275050
8260;280998
8263;293166
8285;280140
8294;279860
8324;282946
8334;5410
8365;278138
8374;194786
8384;49492
8390;280249
8403;27553
8421;27219
8451;266264
8463;281793
8488;281626
8547;76260
8549;95818
8557;256447
8558;63924
8585;154490
8589;292747
8663;143456
8665;43265
8668;292739
8704;281682
8723;279435
8734;80586
8758;11177
8763;281683
8802;246654
8802;253219
8814;100749
8816;145599
8820;291173
8835;34983
8839;76406
8845;43338
8849;279306
8910;190772
8912;32450
8914;21776
8963;278539
8982;291567
8994;279605
9000;290798
9018;24384
9028;4928
9070;121371
9125;281981
9165;278947
9187;76040
9191;34070
9210;212628
9239;34975
9244;32549
9359;32573
9375;59790
9378;294262
9394;45730
9485;209872
9488;91367
9534;281089
9581;291564
9581;291565
9601;26719
9607;282257
9639;278087
9649;282414
9703;161918
9709;35343
9733;28762
9796;290743
9823;293292
9871;91421
9891;143502
9903;1392
9975;159417
9981;279916
9997;168386
10046;281535
10049;292424
10125;12424
10132;292367
10214;231169
10216;269131
10285;6491
10328;272248
10348;12327
10354;14729
10400;277795
10404;119571
10404;291058
10431;32808
10474;7137
10504;63690
10514;167762
10518;9105
10525;14621
10587;259705
10592;262315
10618;263060
10655;43419
10686;6157
10701;293259
10750;278796
10755;272159
10809;204480
10811;6734
10855;90107
10864;247154
10878;277375
10933;12661
10947;13978
10955;13552
10968;143910
10995;160997
11031;277815
11051;39004
11065;152285
11080;244740
11113;194166
11135;79464
11149;290940
11150;291856
11213;104574
11243;277408
11254;14990
11279;277308
11285;182303
11351;26905
11392;49263
11399;282345
11427;3123
11430;116998
11442;282349
11469;278223
11490;281623
11504;281830
11509;282950
11521;45241
11524;144037
11546;293193
11573;250317
11575;271896
11578;140902
11589;276430
11644;278872
11658;18031
11691;146560
11748;293211
11762;256765
11789;265365
11802;11878
11804;515
11833;17795
11839;291008
11867;290929
11886;14540
11910;6254
11938;177636
11946;45284
11953;20818
11963;293228
12005;20010
12010;3034
12020;34894
12038;279710
12053;279825
12055;10995
12073;208779
12080;15458
12102;115622
12111;250929
12115;126438
12135;28347
12152;281958
12169;38466
12176;38083
12200;113360
12209;5975
12250;174130
12287;282709
12299;250279
12358;97640
12373;93700
12374;199842
12379;45349
12400;258849
12412;29866
12420;156655
12450;293485
12457;184942
12457;291489
12461;257532
12472;29858
12493;49646
12496;13625
12508;260010
12514;259950
12534;282897
12542;281866
12559;290746
12568;282066
12581;139238
12632;267090
12650;152935
12659;291062
12696;13870
12707;277397
12711;18120
12716;69698
12732;282831
12824;262439
12843;25623
12874;278050
12878;82350
12890;292585
12901;98612
12904;108669
12918;280729
12940;101532
12954;63851
12956;144053
12958;5428
12963;147893
12983;278142
13010;267929
13012;38636
13015;159336
13054;280141
13083;69299
13147;112321
13147;140635
13156;50970
13176;62693
13289;255041
13296;279664
13319;12572
13354;106453
13358;63541
13358;140996
13358;282779
13363;14770
13375;244716
13387;46485
13399;209686
13464;29971
13486;212954
13504;9130
13520;51594
13522;50490
13532;80365
13581;280763
13667;48844
13668;112070
13690;85421
13763;34550
13782;283066
13789;97632
13855;46760
13889;281363
13903;18848
13961;260908
13982;94536
13988;280171
14019;281705
14028;226947
14031;123684
14090;46493
14240;28088
14263;177199
14269;104892
14274;38555
14364;558
14364;282288
14417;282064
14465;227030
14485;180424
14507;167096
14522;292174
14522;293098
14552;279010
14573;277737
14575;291445
14590;131121
14610;279396
14637;290710
14657;82325
14726;37311
14727;149225
14730;150568
14736;62812
14738;32379
14741;278797
14742;277863
14758;277693
14788;270598
14811;278554
14820;6238
14846;242462
14867;292274
14917;130354
14948;278117
14983;246786
14996;280962
15035;132942
15038;71544
15042;115690
15044;255343
15047;134147
15067;177172
15110;135593
15113;277837
15122;281247
15135;292441
15153;243477
15185;136778
15190;148903
15221;125946
15295;234958
15323;228354
15330;130907
15347;280318
15360;127906
15362;212172
15372;218065
15373;281879
15376;279944
15394;11568
15404;17809
15411;168874
15431;11096
15444;290847
15448;216046
15460;293296
15463;32751
15470;187054
15477;281988
15521;17965
15523;1899
15554;281210
15557;277215
15565;143081
15577;290784
15653;31011
15671;52850
15703;199745
15735;10871
15748;152412
15806;278743
15812;282848
15823;293543
15841;281926
15849;292224
15864;119180
15867;280009
15867;290967
15868;120987
15896;4367
15931;183873
15958;293303
16077;187445
16179;280977
16243;26751
16248;277861
16288;293524
16310;120340
16331;255459
16370;4995
16389;6130
16392;20877
16402;291377
16406;72567
16443;5193
16488;293343
16492;40770
16531;282457
16536;150533
16582;291077
16624;293180
16643;291111
16710;189685
16726;32395
16732;64920
16794;5959
16807;293549
16808;3956
16818;281910
16835;281851
16846;114707
16899;279847
16967;1490
17025;280944
17111;245232
17162;293452
17166;283174
17179;281147
17238;8370
17246;71560
17256;18228
17262;11444
17306;146935
17387;40894
17391;208990
17391;239186
17391;279543
17438;194034
17453;279812
17477;2836
17552;250791
17552;254860
17562;279934
17585;278097
17592;248266
17631;268330
17638;280368
17674;12165
17738;267759
17772;111112
17786;166995
17805;225711
17809;22330
17815;119440
17844;28819
17933;238511
17959;56537
17962;205656
17965;26700
17969;252565
18041;47619
18048;40797
18070;95575
18103;278806
18103;292792
18110;247146
18112;136590
18117;9270
18145;101575
18158;30791
18201;159514
18205;111864
18236;179086
18336;72958
18371;278569
18381;292714
18382;49565
18389;24791
18398;54747
18409;6661
18410;11622
18417;273716
18426;1287
18426;278071
18426;291694
18459;232718
18519;238848
18530;280488
18532;282871
18566;58009
18571;31739
18624;280808
18666;5649
18681;292791
18691;54844
18694;5347
18700;163082
18711;291314
18863;2356
18905;291523
18922;281916
18927;192961
18975;293375
19046;277596
19106;290816
19113;281109
19160;282107
19212;52825
19231;74535
19239;52515
19248;277548
19281;277713
19293;238902
19312;108421
19329;47643
19350;278274
19357;290824
19398;293153
19403;33626
19406;278365
19470;123358
19530;270610
19532;58769
19533;218537
19535;134805
19543;264490
19543;275743
19632;282141
19641;280970
19676;46906
19683;17817
19818;93033
19902;35157
19906;108294
19974;278828
20001;218219
20014;7900
20088;282324
20197;277373
20222;2445
20273;187933
20295;51560
20416;267660
20627;8532
20656;142212
20674;4227
20675;142778
20691;277445
20714;11975
20738;293206
20778;180947
20802;181277
20811;27839
20836;208809
20902;28711
20937;278644
20982;251550
21059;278914
21161;277838
21188;260177
21196;267244
21205;279261
21206;29823
21215;281413
21238;283083
21240;92754
21251;65692
21254;25410
21285;68926
21290;6220
21299;159352
21320;280821
21370;279244
21378;277889
21386;265810
21397;279776
21398;279989
21436;278065
21454;291803
21455;136808
21455;292281
21459;241032
21460;45969
21492;237299
21502;52965
21521;292169
21547;9776
21557;192147
21564;278075
21585;150410
21586;278792
21611;277332
21623;278041
21652;242160
21664;277952
21679;277910
21684;278030
21696;278029
21703;278038
21722;283050
21733;160164
21734;31437
21734;33502
21734;37486
21734;41688
21734;49166
21734;52094
21734;72516
21734;217638
21734;292539
21758;5061
21774;277569
21854;236195
21872;158860
21881;279694
21905;283113
21924;292152
21935;232211
21941;292607
21985;290686
21997;281785
22019;178250
22044;278582
22054;270741
22098;282080
22113;268798
22118;151378
22130;49395
22131;257990
22131;291419
22170;278435
22254;278022
22288;281928
22294;282772
22330;279751
22360;281870
22419;101850
22435;77500
22600;192864
22655;127299
22778;8435
22792;108987
23074;280111
23085;277960
23134;279002
23215;249173
23236;277477
23245;46809
23278;19798
23290;278869
23304;152315
23306;278026
23362;262404
23381;142840
23420;277769
23421;28541
23426;263249
23432;196304
23440;291905
23464;34274
23491;231690
23492;278459
23504;280263
23554;5932
23576;46426
23612;174238
23631;280842
23634;130320
23665;45500
23684;289908
23690;281415
23741;279367
23767;279545
23950;230642
23958;277739
23964;280504
23975;50296
24017;44911
24018;242284
24018;291098
24022;255165
24048;278247
24050;292638
24078;255432
24088;270881
24111;4022
24234;180076
24253;292498
24291;221511
24293;5304
24293;259284
24296;141003
24311;238872
24311;238880
24311;291022
24327;46680
24335;207357
24335;279167
24337;184934
24369;181870
24371;278015
24373;265233
24386;141011
24412;205001
24424;293410
24458;279608
24530;278857
24694;47570
24695;6807
24695;46353
24695;49719
24697;7986
24713;45179
24775;111007
24779;8028
24785;161772
24791;282240
24801;29394
24825;280911
24851;282044
24865;278429
24889;192503
24897;278221
24912;278926
24947;279238
24947;293183
24984;279758
24996;278693
24999;55930
25042;27898
25076;279982
25092;48992
25093;151246
25097;8044
25098;2224
25100;30384
25109;82538
25125;280676
25136;217425
25175;1864
25176;276286
25176;281313
25196;280771
25219;234230
25302;213322
25320;38369
25322;233307
25322;292202
25341;13145
25345;250287
25381;234370
25391;57827
25391;96709
25391;195499
25391;279092
25391;279547
25394;152145
25407;292475
25421;279072
25437;159760
25522;280334
25527;278958
25591;26808
25628;278295
25647;257320
25663;293326
25666;280979
25716;282620
25735;293256
25737;280398
25775;263532
25783;278842
25803;282684
25815;275425
25853;6874
25854;214485
25857;292380
25863;278720
25885;113174
25901;110965
25908;235873
25909;143510
25975;279201
26011;277955
26031;281027
26042;279403
26092;214191
26174;279352
26193;8036
26220;279144
26300;264288
26326;291832
26369;279383
26378;293079
26389;243582
26391;262218
26407;150380
26443;291773
26452;280245
26500;281305
26515;280600
26559;32840
26574;281721
26603;279425
26642;128228
26643;279171
26678;279863
26688;208507
26751;292173
26770;292315
26802;282445
26805;285089
26829;8141
26854;30805
26858;280826
26924;279928
26978;279909
27008;281667
27016;279685
27146;54119
27152;290899
27174;291288
27192;280082
27221;282199
27222;278727
27235;279584
27237;282194
27258;280149
27260;282219
27297;292630
27348;282729
27349;156159
27363;292299
27396;278410
27428;279780
27495;212873
27593;83801
27612;278795
27618;9687
27645;278266
27692;277890
27742;281016
27765;282231
27769;39640
27807;282447
27811;280698
27832;152226
27852;278965
27868;280239
27900;282838
27928;280185
27943;152277
27946;292347
28006;164070
28015;278362
28131;281042
28140;277586
28152;100471
28169;156205
28173;277961
28196;13943
28202;6866
28204;154148
28205;14230
28209;89710
28210;280348
28227;30295
28233;280078
28257;292395
28258;32190
28264;32166
28266;30082
28267;65986
28270;131393
28271;46710
28274;42170
28322;279914
28328;4294
28329;9601
28330;8001
28373;268933
28385;29939
28407;4740
28452;290857
28467;279200
28476;5533
28478;36722
28482;57770
28519;291246
28539;282083
28564;291600
28584;281884
28595;281315
28617;178802
28640;111422
28682;281513
28719;281057
28724;293255
28726;291622
28779;282887
28806;282881
28813;14583
28857;120936
28865;177253
28868;280788
28880;292917
28886;293073
28900;279771
28901;280364
28924;280278
28966;56030
28982;280688
28999;277455
29039;103420
29045;291606
29102;282156
29111;32174
29112;45748
29128;293321
29156;245631
29169;292890
29207;51969
29233;280416
29246;282023
29250;280871
29291;280515
29331;281586
29400;31275
29403;278237
29449;279799
29457;278035
29495;280701
29497;146323
29550;163899
29552;93157
29579;282343
29605;292842
29681;250210
29712;9890
29729;280631
29862;282630
29864;291766
29897;279454
29901;292488
29912;280664
29951;189383
29952;280539
29983;292474
30022;280924
30028;291253
30064;277966
30101;109894
30141;281066
30153;40967
30174;280679
30244;282383
30263;280958
30286;113450
30293;279344
30311;177580
30317;231347
30320;171360
30323;141879
30336;293201
30361;280908
30405;8206
30414;210293
30467;268046
30484;280707
30501;265640
30521;282519
30595;280365
30610;280834
30619;280057
30628;217840
30630;250236
30641;71374
30773;31305
30782;280772
30855;280847
30900;278875
30905;280945
30915;8460
30969;281158
30988;164585
31014;4464
31019;282210
31032;116130
31056;292465
31061;293504
31106;291211
31109;142859
31109;291357
31115;281406
31147;48364
31163;281070
31170;281644
31215;280638
31222;292716
31315;282431
31379;291506
31396;255912
31397;282181
31408;282089
31427;34371
31474;292330
31492;281616
31520;292907
31536;292358
31560;277906
31594;31496
31630;269298
31667;277325
31667;280061
31669;252549
31697;281591
31787;281458
31818;26042
31877;278778
31894;280162
31909;281442
31979;281702
32038;281650
32062;281494
32063;282406
32155;281863
32223;174718
32233;291695
32234;280378
32254;292750
32262;293027
32267;173363
32268;281840
32303;282167
32313;280108
32323;281855
32337;184969
32355;281040
32367;280486
32376;202010
32382;247820
32404;9962
32409;262471
32414;51934
32425;282538
32453;282948
32457;47813
32479;282913
32528;293334
32541;290753
32549;293477
32572;281822
32588;283247
32606;282214
32620;281073
32628;282120
32677;282679
32685;278596
32687;270679
32690;282365
32692;282147
32705;19569
32747;282957
32751;293371
32761;281318
32793;278803
32809;282130
32810;292744
32820;292805
32847;282338
32868;282745
32934;282390
32959;94870
32980;174815
33035;293159
33044;10308
33073;282138
33119;290796
33151;281635
33197;253863
33216;282161
33220;282368
33228;19305
33232;282625
33284;191876
33285;282460
33335;282133
33354;10561
33364;293420
33385;290817
33386;45578
33409;279448
33418;293401
33443;291658
33454;282798
33486;282546
33512;281696
33516;168769
33553;9598
33586;282093
33600;281564
33604;293138
33649;43036
33676;255475
33693;293498
33698;293336
33718;48453
33729;279390
33752;7277
33759;282728
33791;152650
33794;281331
33861;281560
33888;232360
33927;282428
33981;133345
33983;283137
34027;282554
34086;277663
34089;282901
34158;282816
34161;282659
34239;282736
34271;282743
34275;279242
34291;282693
34372;280602
34374;290776
34508;291297
34527;292272
34538;282953
34547;292460
34558;292361
34580;282872
34592;291528
34605;281530
34615;282958
34619;168718
34629;283047
34643;293168
34682;277366
34714;282951
34741;291070
34802;282685
34864;278150
34879;271446
34927;282013
34957;282124
34959;283063
35001;116327
35006;76058
35107;284388
35109;280280
35115;290973
35121;32794
35185;279436
35206;293108
35222;291485
35328;251542
35376;290815
35381;292400
35404;282122
35424;292636
35427;291504
35466;283015
35491;279741
35531;282169
35541;290948
35672;198200
35718;281533
35806;281839
35817;291707
35882;282870
35886;282507
35902;277719
35913;292437
35919;30473
35923;281002
36054;291869
36067;49093
36074;234419
36086;281887
36100;291607
36158;283095
36230;291292
36241;290979
36277;281720
36316;156884
36317;195642
36318;292616
36398;33456
36425;263613
36443;36986
36465;96725
36487;235849
36493;293262
36522;281119
36553;270652
36568;118915
36630;247014
36634;278873
36696;126772
36701;291672
36755;277988
36829;282280
36912;111961
36954;291917
36979;279130
37091;281756
37110;278871
37130;291197
37135;281617
37154;292320
37224;98523
37243;279308
37249;213780
37251;203521
37334;123307
37359;290896
37381;291898
37396;182400
37474;292401
37476;7021
37485;292668
37550;3670
37551;165069
37661;281400
37692;279084
37693;293302
37748;282076
37845;277903
37957;290856
37961;224901
38012;291312
38022;113875
38032;240613
38142;131067
38143;291845
38255;252050
38308;290788
38345;292355
38362;39080
38388;264482
38425;292521
38484;265527
38546;293072
38571;292945
38636;211931
38647;232785
38764;293397
38772;293247
38796;56383
38815;293495
38821;278670
38829;293374
38834;292581
38860;276502
38872;50679
39125;282438
39141;146757
39141;292670
39175;293350
39195;96954
39348;291835
39395;23906
39431;291645
39467;226360
39516;291099
39529;291369
39573;291900
39578;255424
39581;293449
39703;291814
39703;292550
39761;290782
39768;291414
39869;57096
39992;291608
40011;292582
40028;291155
40044;286343
40059;89818
40067;22160
40087;292426
40113;128589
40118;274984
40125;278153
40142;67911
40186;281515
40196;291153
40199;215740
40211;18899
40237;286999
40237;290903
40242;248045
40319;237345
40321;30198
40347;291521
40463;290859
40484;291272
40500;291348
40547;292428
40567;236454
40568;291913
40574;293428
40659;291420
40672;292850
40673;290669
40757;293232
40760;291760
40774;292282
40785;291351
40886;280461
40947;148229
40957;291586
41038;291746
41083;3646
41194;97470
41210;292946
41258;293518
41340;293230
41461;293389
41510;49654
41535;290801
41558;28185
41611;291005
41647;291324
41669;279794
41672;290684
41684;292570
41687;291216
41696;178934
41696;280966
41730;281438
41794;280244
41930;46361
41935;292856
41996;252506
42017;291321
42055;48160
42145;292748
42153;290767
42186;293357
42273;293331
42298;281790
42302;49735
42388;293120
42411;50199
42415;291709
42493;136921
42495;291866
42506;291805
42756;267163
42771;290875
42846;291890
42897;292577
42963;293467
42991;33421
43002;292995
43055;292482
43076;282254
43119;32824
43201;147168
43251;292745
43325;291271
43370;202118
43401;293479
43421;292598
43426;292535
43439;288339
43450;283094
43452;290783
43638;288291
43807;293414
43875;292378
43903;293182
43993;293323
44013;129682
44014;278789
44022;293278
44052;201677
44154;278888
44183;117285
44191;292643
44239;277386
44355;277499
44486;290687
44537;131326
44547;47864
44566;292489
44687;82457
44787;30015
44793;280095
44808;87548
44821;77240
44850;292944
44884;162442
44901;35009
44920;280310
45107;291330
45160;291516
45182;40827
45241;292601
45242;282651
45275;291572
45289;280957
45291;292590
45313;292273
45375;291102
45425;291056
45433;279202
45507;291759
45599;291471
45690;293143
45693;290832
45745;181005
45745;293121
45756;40819
45826;291488
45833;202274
45833;279458
45847;293207
45957;279467
45993;280751
46023;123897
46024;274712
46040;291413
46099;290811
46125;291131
46127;293270
46135;292620
46143;292537
46147;291384
46192;292689
46246;290876
46249;292301
46259;290868
46313;279746
46356;181595
46413;293794
46555;290997
46558;291152
46575;292236
46575;293178
46600;293545
46604;291112
46687;290846
46690;291128
46695;292564
46704;290695
46714;249777
46781;291646
46785;293132
46791;291770
46854;279048
46885;291529
46943;291261
46951;285411
46976;280459
47023;291137
47041;290772
47124;290863
47206;293354
47216;292988
47222;290894
47257;292780
47262;292676
47293;292731
47305;291670
47351;292940
47440;23884
47445;291462
47487;290955
47514;50288
47537;291507
47546;292910
47567;290661
47569;291725
47577;290728
47594;282884
47612;291427
47665;290826
47711;291148
47729;37117
47751;291310
47760;291402
47766;280943
47773;199885
47799;292298
47815;267740
47866;290813
47925;293349
47939;57703
47960;20443
47963;293531
47971;279862
47972;232114
47985;290956
47997;290983
48001;292479
48026;292724
48034;291210
48038;291079
48069;291811
48071;291024
48075;291255
48115;290676
48121;292887
48159;281054
48169;290957
48183;44776
48196;292410
48257;293522
48263;293264
48323;292813
48328;290732
48347;291628
48368;291691
48414;291791
48470;192414
48479;290978
48489;291139
48490;290766
48500;290906
48523;293142
48532;291215
48534;293399
48542;291871
48584;290705
48595;290745
48595;291072
48595;294434
48606;279637
48637;290964
48642;291907
48642;292394
48646;292722
48649;291293
48685;292576
48691;291300
48692;290842
48698;129160
48705;281587
48775;291258
48793;293423
48811;292456
48861;163678
48868;292200
48903;291812
48904;290645
48965;291399
49011;293258
49014;291712
49017;291335
49029;291109
49030;292965
49038;290980
49041;292293
49048;291732
49052;292719
49064;291493
49066;26123
49066;291508
49100;293468
49137;292310
49143;291524
49144;156167
49148;293189
49151;291308
49187;293074
49205;292969
49217;292982
49233;292451
49258;291375
49260;290909
49262;291720
49290;292717
49333;293396
49340;291828
49356;291322
49362;292632
49363;292191
49364;292157
49405;292919
49407;291844
49453;291842
49502;291220
49539;291474
49572;291331
49574;268054
49581;291887
49604;292146
49636;291754
49653;293514
49682;292803
49691;281557
49706;292922
49735;292547
49752;292496
49822;292517
49831;292761
49921;292935
49923;292467
49929;291729
49932;281462
49972;292562
49987;292901
49988;292432
49991;292277
50011;292671
50027;292797
50037;291750
50043;291889
50046;292586
50117;292515
50142;292412
50172;292176
50180;292902
50201;291821
50233;292672
50246;291815
50267;291279
50279;292149
50352;121827
50375;24058
50408;279964
50470;293290
50492;293448
50546;282223
50555;293332
50575;292557
50604;292269
50655;293335
50662;292589
50668;292455
50686;293125
50700;280894
50719;290928
50720;292450
50746;292561
50747;292718
50790;291826
50817;292713
50859;292782
50966;292951
50974;292258
50975;292824
51021;293378
51022;293127
51024;293129
51025;292721
51033;293141
51036;292912
51088;292343
51098;292678
51105;251364
51130;280401
51146;277355
51146;277773
51146;277774
51146;279117
51165;292435
51197;293328
51209;292405
51226;36676
51229;292402
51238;292706
51269;40878
51272;291013
51295;292853
51306;293028
51315;292446
51320;282097
51324;292326
51327;292211
51333;291536
51339;290871
51345;281185
51356;293435
51368;292740
51400;293054
51463;292993
51466;292911
51476;293203
51491;293101
51500;292587
51516;292614
51543;292457
51548;293227
51564;280463
51573;292698
51574;246794
51593;293070
51632;292816
51638;292548
51641;292974
51647;293299
51653;293052
51669;293174
51742;292763
51846;290757
51854;293338
51899;293446
51916;292495
51917;293242
51938;293239
51961;293231
51971;293213
51995;293465
52036;293384
52053;292696
52077;292779
52112;280706
52119;293309
52251;291762
52335;293427
52345;290976
52346;281373
52394;293282
52413;293430
52443;292167
52502;293421
52507;173541
52520;291556
52688;291716
52806;293188
52878;291510
52960;291490
52994;293260
53017;90212
53072;8893
53137;292631
53191;291847
53264;222232
53296;292707
53427;207241
53533;103667
53689;293494
53695;291873
53946;290850
54058;107816
54090;291520
54123;279087
54219;293157
54220;292177
54381;280752
54503;90484
54548;163058
54587;12670
54670;279204
54854;290921
54858;292444
54983;280483
55133;293496
55157;292958
;286898
;287199
;287876
;293671
;293777
;294391
;286062
;287565
;288019
;289342
;289782
;293191
;293379
;293591
;294006
;294436
;285343
;286128
;289175
;289361
;292155
;292618
;293681
;294048
;294634
;293692
;294677
;292349
;293975
50671;294222
27424;288878
28962;290215
35061;284780
38425;294536
45769;294654
50038;294630
50379;294443
19892;285939
21734;294223
21734;294224
23195;289858
24373;288957
24599;290059
3115;288807
3412;290137
36461;289035
369;293931
37467;293936
39164;293919
43130;289725
43335;288849
44057;294850
44453;294335
46660;294001
47323;294402
52779;293974
53011;294547
53636;294451
54597;294834
8519;294290
8908;288850
9581;293983
10622;289791
11663;294811
12445;284944
13167;290228
13358;288089
14612;294673
1522;284572
15425;287939
15571;294597
15896;294326
16224;290123
16412;293820
17462;293713
18254;293684
20261;285960
20474;293660
20747;293618
21043;287208
21293;286280
22119;289589
22212;284815
22785;294151
23094;294027
24695;294479
26276;285462
28329;285919
29000;294676
29241;293754
30127;290147
30286;293703
30659;293930
35146;283296
35828;294670
36495;294732
36515;294154
36565;286768
37206;285340
37635;284744
37768;285059
37829;290323
37878;285606
38097;294010
38097;294200
38539;285131
3933;284903
39843;285991
39942;285928
39997;285125
4044;285246
40785;294300
40785;294450
40997;286255
41141;285207
41154;294145
42038;290126
42133;290281
42741;293687
42793;289152
42996;294248
43159;294511
44203;293987
44523;294600
44729;288858
44743;288760
44977;288751
45237;290358
45393;288756
45854;294453
46299;290011
46815;290295
46890;290163
46987;291996
47093;294631
47774;293944
48508;285232
49084;293976
49089;293603
49446;294672
49857;294876
50905;293652
50912;294322
51035;293690
5185;294011
51850;294859
51983;293940
52030;293851
52574;293693
52920;294249
5303;288053
53130;293956
53443;293726
53624;294400
53659;294695
53725;294774
53868;294347
54132;294227
54210;294885
54354;294822
5661;293825
8170;294574
8233;288480
10120;294807
10389;294374
1039;285810
10441;285334
10594;283279
10598;284529
10655;294721
11280;294829
11630;289355
11644;293941
11907;285000
12961;290300
13402;288982
13623;292103
14209;294465
14252;285271
14362;294887
14376;294782
14501;294878
14664;283458
14693;294357
14788;290390
14892;289080
15007;285464
15069;294624
15190;285584
15379;286848
1566;293596
15889;290202
1621;294718
16432;289364
16807;289040
16864;289196
17033;289173
17280;289295
174;289882
1767;287490
18201;289387
18245;285905
18247;287117
18269;285903
19627;285692
19763;285721
19798;284886
19917;293980
20222;294302
20510;288854
2075;289768
20770;294238
20962;291931
21238;289046
21609;289069
21652;284576
21734;286076
21734;287584
21734;292090
2207;284012
22114;289527
22373;287446
22455;288827
22870;285247
23248;294602
23607;289346
23724;283836
23960;286851
24295;286477
24342;284570
2468;294197
24901;284653
25032;284318
25091;288631
25095;290113
25341;289054
25403;294276
25514;286141
25736;289067
25737;289245
2577;289267
25791;284668
25849;288445
25853;288953
25909;289033
25967;288018
26058;284233
26170;286476
26264;287486
26469;294306
26480;285912
26567;286633
26661;292079
26682;294722
26810;284712
27061;294692
27153;287453
27396;288340
2741;288811
27482;284322
27729;289059
27760;284755
27878;284315
28090;284312
28338;286194
28415;285497
2872;291961
28813;289065
28940;287201
28952;287501
29023;284725
29164;294705
29197;293816
29387;290071
29695;283677
29754;285819
29773;292014
30059;286135
30262;284407
30650;294546
30988;294870
31272;294723
31368;293989
31379;294297
31435;283394
31984;290211
32199;284969
32222;293995
3283;294855
32904;285495
33079;292039
33220;289044
33519;286066
3361;293670
33831;289404
33891;286024
343;286482
34534;283541
34814;284696
34848;283278
34973;283570
35055;288474
35055;290171
35092;285691
35243;286915
35322;285249
35325;283618
35370;289211
35439;286030
35480;283389
35532;285696
35578;286624
35609;285925
35634;283270
35644;285483
35660;285245
35673;288365
35706;286009
36193;285076
36217;283504
36395;287972
36446;287092
36608;284369
36619;288157
36862;284491
36891;290164
36943;284589
37072;289800
3712;292114
37140;289690
3715;288351
37173;288435
37204;283210
37216;284516
37248;287732
37316;284340
37340;288426
37424;285214
37572;285614
37699;285145
37746;284773
37806;287962
37965;288718
37985;287184
38054;287054
38178;289259
38283;288550
38425;284703
38482;289445
38531;286228
38543;284199
38554;285153
38806;284988
38815;291965
38834;285133
38886;294610
38901;285329
38972;285963
39056;286840
39095;294889
39112;285697
39134;286532
39157;285978
3941;294254
39424;285274
39439;285976
39494;286022
39549;289726
39567;285920
39595;285796
39623;286192
39642;285330
39703;289148
39726;285422
39780;285825
39913;285858
39930;285936
40009;283391
40046;286922
40196;294180
40196;294181
40237;294250
40240;285277
40292;286172
40297;287632
40465;286677
40535;286966
40598;286776
40618;289132
40712;285771
40780;284707
40788;287249
40832;287185
40873;286747
40877;288681
41004;287693
41015;286383
41094;287207
41099;286656
41109;286380
41115;288367
41428;287554
41518;286867
41546;287952
41546;287953
41649;285337
41747;285471
42261;286698
42347;288170
42357;293963
42620;294776
42628;287080
42629;287471
42658;294874
4266;286821
42733;288169
42783;287418
42847;293803
42962;289143
42981;294650
43036;288522
43264;294741
43320;290057
43331;288086
43391;287395
43432;292013
43526;287278
43599;294817
43612;288627
43632;288039
43674;287937
43891;288211
43922;290593
44134;289400
44228;293593
44268;288470
44272;290072
44474;289181
44490;288544
44513;284974
44545;288644
44565;289749
44746;289250
44752;293943
44841;291930
44863;293733
449;284452
44943;288885
45012;288755
45038;288742
45131;292041
45310;283280
45443;286160
45485;289552
45579;289584
45627;294047
45774;294113
45824;289125
45856;289251
46192;289810
46231;286554
46395;286124
46451;290270
46575;294539
46698;293765
46713;290600
46779;294736
46781;291989
46796;289941
46867;285823
46877;294528
46926;285128
46968;289724
47002;290055
47007;294709
47014;286539
47078;294530
47121;288030
47392;290585
47417;290520
47568;294141
47834;294303
47889;293611
47935;288814
48012;294055
48023;290456
48106;294131
48115;289050
48158;286329
48286;286397
48877;294665
48879;287029
48962;294456
49130;294854
49241;294102
49258;292088
49530;290395
49586;291956
49742;293743
49846;291982
49883;293642
49959;293821
50063;294579
50221;294506
50316;293679
50468;294375
50606;294217
50676;292106
50738;294278
50745;292124
50860;294337
50873;293634
51003;294168
51058;286678
51199;293587
51283;293834
51303;289199
51314;288763
51590;293762
51601;294888
51718;285565
51738;293711
51858;294767
5188;293894
52051;294532
52078;293953
52307;294152
52333;293736
52374;294356
52375;293700
52594;294382
52615;289921
52691;294717
52767;288389
52776;294116
52820;294802
52831;294247
52960;294172
53018;284649
53039;294140
53110;288698
53147;294150
53151;294523
53237;294810
53258;294071
53372;294234
53373;288987
53409;292008
53431;294332
53467;289293
53513;294137
53579;294395
53614;294240
53622;294773
53734;294165
53752;294308
53866;294809
5387;294699
53914;283369
54144;294487
54151;290478
54202;294696
54530;293585
54769;294729
54785;294678
54822;294420
5483;290290
54996;293673
55109;294633
55163;288406
5808;288448
6037;288844
6073;284787
628;285248
6424;284652
6429;285440
6922;290472
6993;286330
7228;290434
7467;294851
7732;294775
802;289458
8283;294363
8602;283393
8844;285621
888;286983
9143;284992
9203;290000
9225;288472
969;285270
9806;289679
10120;288295
10243;286989
10248;289874
10434;290001
10865;287803
10902;284271
10930;294307
11056;283571
11099;294085
11259;291954
1150;287536
11512;288436
11574;286336
11748;290625
11882;284616
11930;286572
12120;285983
12133;284611
12367;285557
1253;283625
12590;284133
12596;288044
12623;294031
12698;294568
12832;288404
12835;287178
1296;283984
1296;284304
12980;286992
13111;285962
1337;285878
13548;280279
13667;289060
13670;294287
14090;289006
14313;283684
14325;284284
14335;284059
14343;294387
14362;286859
14364;283854
14364;284294
14620;287412
14620;287796
14631;294370
14724;290580
14761;290302
14766;293677
14820;288191
1528;288593
1532;283534
15364;288009
15437;287823
15460;287502
15460;294679
1548;286240
15558;288929
15568;283859
15684;289581
15709;284049
15718;288722
15718;293962
15735;288934
15796;284426
15866;284299
15989;287325
16174;284013
16224;283349
16224;287235
1625;289037
16356;284164
16406;287034
16434;290553
16978;287637
17059;283575
17083;287120
17188;283545
17248;288353
17280;285550
1765;289604
17656;293582
17785;284401
17829;289514
17893;284088
18074;287085
18387;287833
18403;284852
18404;292036
18635;287749
18687;287296
18718;286189
18720;285010
18992;284279
19070;294257
19129;288384
19167;286723
19193;289746
19302;286469
19682;287746
19834;284760
19980;289414
20124;290594
20162;284771
20181;293789
20199;286405
20240;286191
20316;287611
20536;292100
20600;287038
20634;294595
20647;284313
207;283452
20814;287569
20868;287046
20970;293999
21040;283704
21092;289120
21172;290125
21177;284111
21188;279663
21256;279818
21333;289431
21428;283741
21445;289337
21492;289906
21497;288439
21537;291949
21557;289019
21647;283222
21676;289030
21692;285328
21734;282397
21734;285438
21768;287167
21774;294755
21793;294103
21806;293776
22018;284874
22092;284045
22319;286478
22435;285236
22738;289711
22849;283340
23092;284293
23284;289018
23325;294592
23528;289777
2355;287549
23675;284317
23705;288964
23710;290010
23896;283891
24088;288135
24115;284316
24117;294847
24125;284724
24207;287470
24276;294657
24352;294169
24523;283318
24801;288968
24959;285054
25169;294386
25188;284160
25322;289029
25322;289085
25330;289306
25340;288936
25345;284678
2546;288420
25493;286974
25628;289081
25645;289078
25666;294171
25752;290595
26079;293688
26180;283758
26471;289288
26475;288954
26665;288127
267;290581
26759;285929
26795;286887
26961;289978
26962;288912
27028;288709
27057;290372
27091;284310
27117;285120
27247;288996
27321;284319
27517;289491
27524;283825
27559;284321
27769;287716
27778;290261
27793;285573
27832;284323
27889;284314
27959;284308
28000;287899
28006;289943
2803;283966
28060;289534
28066;287013
28144;288443
28163;285934
28204;289471
28310;288990
28476;289022
28719;283752
28813;289465
28879;289023
29025;288390
29321;283821
29343;286769
29387;283547
2940;283359
29403;285164
29403;292135
29450;284285
29541;289525
29846;292015
299;284113
30019;286671
30078;284311
30080;293985
30091;286223
30095;294554
30119;287275
30130;284566
30205;294745
3031;284220
30317;290578
30385;284929
30398;288468
30398;290516
30540;290191
30573;292121
30664;288654
30681;290263
30698;283569
30703;283926
31101;290570
31126;293644
31169;288972
31215;288773
31256;286760
31295;286978
31316;283615
31368;289703
3139;288150
31420;287672
31482;289963
31503;285724
3158;290329
31588;288484
31588;288637
31663;287787
31697;286388
31709;284129
31722;287257
31733;284578
31744;287950
31750;289371
31844;284942
31872;286675
31965;285002
32011;294886
32013;288264
32060;287335
32154;294527
32339;288380
32356;284320
32360;290325
32432;287667
32456;287884
32596;287904
32597;289513
32725;284016
32756;286569
32841;284082
33045;293914
33091;283596
33108;284197
33122;281972
33142;286721
33197;289064
33209;283342
3322;287533
33295;283201
33304;289771
33331;289453
33365;285949
33381;284390
33449;293813
33474;293556
33549;290013
33599;288672
33604;284484
33604;286952
33604;287574
33624;291980
33771;285900
33786;289268
33822;285833
33865;293559
3389;290016
33975;287224
3406;288918
34228;283600
34339;283200
34397;284927
34459;284190
34497;286290
34612;284291
34632;283568
34665;283193
34669;285894
34697;283799
34737;283211
34737;289360
34767;290272
34772;293778
34782;294576
34788;285014
34790;290053
34804;283992
34844;289188
34897;284352
34924;286669
34926;283455
34984;286058
35013;290291
35025;290338
35044;283904
35069;289262
35122;285269
35130;284176
35183;294748
35304;283920
35397;283871
35451;289920
35549;283614
35598;288137
35611;283928
3571;287062
35763;283456
35763;292133
35764;283490
35781;285357
35800;283612
35831;283779
3588;283620
35893;283231
35927;284660
35962;283645
35969;284722
360;283922
36029;285802
36050;283917
36053;284716
36073;283631
36108;283855
36129;284101
36141;293786
36143;284211
36175;285423
36240;290613
36267;283943
36308;287095
36310;286325
36341;289883
36387;284661
36391;284119
36401;286593
36401;290234
36426;291945
36519;294042
36540;287309
36620;288016
36626;286096
36626;286852
36643;284120
36655;289005
36666;288119
36679;284116
36737;284430
36808;289048
36909;286260
36966;290039
36986;284405
36997;285099
37098;293835
37207;287801
37208;285171
37230;289300
37237;287023
37254;294021
37277;284063
37281;293558
37312;284098
37376;285713
37381;286436
37393;286485
37399;286092
37526;294263
37596;284302
37623;283691
37738;283696
37747;283512
37852;285324
37863;283856
37907;284869
3798;283364
37982;290563
38018;285731
38092;287545
38108;290052
38116;293897
38149;285239
3816;289562
38167;286307
38179;287877
3821;290616
38220;285106
38262;285044
38295;287030
38301;294339
38302;287290
38343;287269
38360;288102
38433;285923
38453;284893
38543;287225
38600;284557
38603;294836
38621;287159
38682;288235
38697;285489
38752;293708
38752;293709
38752;294005
38762;285712
38797;285373
38808;289011
38820;287576
38834;289375
38853;288146
3886;283853
38899;288559
38902;287573
38917;285922
38966;285092
39035;287381
39041;289792
39052;285776
39053;289233
39056;286198
3907;287646
39077;288425
39181;288906
39186;285256
39214;288910
39235;285316
39248;285490
39250;289402
39306;283964
39317;287118
3933;285940
39335;290544
39400;286305
39411;290330
39461;290421
39496;288013
39507;284633
39514;285191
39575;287795
39588;286019
39601;285707
39621;285347
39623;284225
39625;288523
39632;289012
39635;286074
3970;288974
39703;285856
39703;289837
39703;294185
39704;288118
39710;286511
39763;287146
39801;285885
39839;286988
39852;290321
3986;289899
39968;286310
39985;294503
39994;286252
40001;286625
40002;290459
40005;285698
40038;285734
40114;294100
40159;286964
40182;286714
40196;288342
40196;288344
40201;294176
40203;285033
40214;286604
40298;288289
40312;284328
40313;289206
40324;289563
40345;289413
40408;286147
40433;282671
40441;288656
40458;287193
40499;287783
40521;289495
40539;286423
40550;285339
40571;286557
40621;290044
40640;286676
40671;284222
40675;284782
40685;288942
40754;287724
40764;294766
40852;289668
40880;288185
40901;287404
40912;287867
40954;288282
40985;289062
41014;287398
41045;287788
41051;286783
41065;292094
41102;290169
41117;286015
41125;294844
41127;286424
41157;287161
41158;290027
41192;285643
41216;287123
41220;285558
41229;284976
41319;294651
41455;286254
41494;289242
41503;293628
41522;286328
41527;286794
41538;287529
41538;288950
41579;294739
41620;286703
41647;286687
41648;287102
41683;287265
41711;287297
41719;287518
41740;288520
41755;287355
41895;285284
41905;287390
41910;288164
41951;287494
41958;289104
41992;287979
42001;287874
42015;286954
42016;286968
42025;285205
42034;286894
42042;286657
42051;286616
42092;287461
42123;287303
42148;287058
42151;288085
42193;286697
42193;289244
42197;288067
42198;287483
42254;287999
42258;288594
42263;293759
42382;287455
42421;289238
42462;287625
42509;287350
42535;287500
42539;287286
42555;287669
42564;289817
42571;285741
42573;287413
42583;287789
426;289820
426;290143
42624;287443
42671;286375
42717;289220
42749;288582
42797;290458
42835;288749
42865;287547
42896;289208
42936;288539
42985;286106
42999;287438
43001;287761
43016;287958
43034;287696
43059;287388
43095;287992
43100;287566
43131;290540
43136;289272
43145;287377
43168;287382
43176;289200
43189;289688
43195;288100
43196;287474
43216;289202
43223;290369
43245;285184
43264;290447
43290;287712
43305;288901
43342;288511
43369;289219
43388;290035
43406;293806
43409;287807
43426;294603
4347;289536
43511;287988
43568;288107
43571;288880
43580;287949
43620;288172
43658;287857
43722;286934
43759;288347
43785;287849
43797;294412
43835;288317
43903;288926
43923;288530
43924;289639
43934;287772
43955;288040
43972;285169
43977;294864
43988;288548
44012;293945
44017;288941
44031;288584
44077;294594
44133;290273
44133;290280
44205;288049
44220;288762
44245;289889
44249;289573
44264;289150
44284;288446
44292;289192
44303;289934
44344;288609
44366;286463
44387;293866
44406;290088
44425;288330
44471;288299
44559;289826
44567;288481
44573;284282
44573;288409
44617;293749
44623;289611
44631;294390
44638;294860
44643;287965
44702;286188
44727;288652
44764;288746
44777;289141
44833;288267
44843;287477
44865;288608
44867;290489
44915;289089
44974;288949
44975;290009
44996;290298
44996;290299
44997;288705
45015;283399
45052;288454
45054;289538
45055;289931
45072;292035
45088;288747
45098;289169
45130;294590
45163;289292
45184;294155
45188;288723
45190;288600
45197;287912
45227;288874
45235;290317
45242;283505
45244;293695
45271;290513
45292;284436
45415;289595
45434;289661
4552;288980
4554;286416
45540;288727
45732;288881
45774;289516
45846;289172
45865;289710
45869;289568
45964;289241
45968;294565
46017;289135
46047;289483
46059;289155
46062;289570
46080;289396
46082;289504
46124;289506
46137;286500
46137;294632
46165;289885
46177;292095
46212;290015
46234;289674
4624;289585
46243;288669
46296;290065
46321;294349
46338;289730
46357;290483
46363;290173
46413;283840
46413;290562
46481;290557
46522;289998
46561;289686
46575;287493
46575;289383
46585;290444
46601;291941
46669;294039
46767;290146
46800;289996
46819;289505
46871;289796
46872;294715
46927;289571
46974;293631
47008;289715
47014;289429
47022;284287
47067;294839
47139;290401
47169;292087
47209;294869
47219;283841
47237;290018
47365;290259
47370;289819
47389;288580
47391;290466
47448;286919
47453;290327
47454;290318
47458;290628
47465;283726
47486;289564
475;292021
47511;288864
47561;290297
47596;294545
47607;290462
47610;294596
47732;294686
47740;290392
47771;293853
47821;287255
47883;294797
47888;287612
47962;294351
48002;294622
48021;290566
48082;294221
48132;290476
48155;292069
48238;288283
48242;288219
48273;294656
48309;294418
48318;291991
48378;293870
48436;286829
48542;287663
48595;284473
48595;285672
48595;288493
48595;293831
48595;294405
48595;294757
48651;294034
48722;293648
48771;289903
48774;290488
48788;291987
48829;290264
48943;285046
48992;283955
49067;284718
49078;293868
491;284349
49200;293746
49337;292084
49349;292082
49418;290451
4964;288485
49646;290241
49692;294862
49760;294348
49767;290235
49780;293881
49791;294364
49820;286447
49861;284087
49913;287478
49998;292040
50000;293619
50148;293925
50389;293717
50392;294553
50441;292126
50457;294786
50536;288780
50573;292111
50804;293890
50808;284866
50921;293727
50984;293905
50999;294813
51009;293592
51027;293986
51125;292074
51255;294743
51274;293833
51279;294191
51458;285624
51498;285811
51507;294401
51537;293633
51541;289448
51674;294838
51741;284568
51744;294377
51788;293597
51818;285427
51894;294789
51939;285932
51948;293590
51958;289612
51973;288896
52052;294533
52068;293908
52110;294053
52191;291977
52301;294252
52306;294077
52338;293903
52349;285618
52396;294644
52409;293647
52425;293904
52433;294435
52446;293567
52480;294720
52486;293712
52499;294060
52519;293880
52554;289466
52573;294544
52637;294668
52687;293756
52710;294241
52771;294510
52775;293860
52796;293685
52844;291958
52909;289750
52991;293966
53040;294215
53095;294780
53098;294563
53146;288619
53230;294264
53267;293949
53306;289435
53314;293838
53344;287337
53408;294529
53421;285362
53436;292101
53440;289386
53456;289949
53522;294688
53538;293769
53660;287764
53753;294266
53753;294272
53883;285311
53992;292129
54021;287410
54072;287688
54234;285972
54359;294615
54536;287260
54574;287007
54686;287564
54751;293745
54763;293639
55115;290177
5527;289305
5551;289813
5649;287424
5654;294388
567;294381
5773;288733
5825;283660
5829;289310
5878;287890
591;289198
5991;288343
6203;283995
6349;286692
6717;294681
6883;288239
6937;283603
7306;286600
7679;289159
788;287886
7913;293609
793;289756
8239;288890
8314;290208
8334;286587
8360;283804
8398;286960
8455;289053
8459;294573
8549;294891
8618;294147
863;285505
8687;283739
8831;289097
9264;290247
9331;286200
9404;289880
9460;288646
9581;283229
9868;292020
9948;288985
9984;283353
9997;287144
;50385
;50962
;51209
;54127
;56693
;58211
;66761
;78700
;82899
;85278
;87599
;109916
;111767
;111775
;118362
;119377
;125598
;125679
;129283
;130893
;134260
;135712
;141038
;141046
;153583
;164127
;165816
;190055
;19
;35
;43
;51
;60
;108
;167
;230
;493
;1120
;1317
;1422
;1686
;1767
;2380
;2712
;3174
;3344
;4260
;4375
;4790
;4839
;5096
;5371
;5622
;5916
;7161
;7412
;7676
;7684
;8443
;8699
;8788
;9750
;11720
;11991
;12904
;13900
;13951
;14060
;14125
;14508
;14516
;14893
;15288
;15830
;15849
;17396
;17639
;18872
;19224
;19283
;19429
;19925
;19933
;20052
;20095
;20192
;20214
;20400
;20451
;20583
;20664
;20770
;21067
;21172
;21300
;21318
;21598
;21636
;21741
;21814
;21865
;21903
;22047
;22209
;22454
;22527
;22535
;22900
;22993
;23000
;23078
;23086
;23582
;23590
;23892
;23965
;24228
;24422
;24600
;24686
;24864
;24880
;24961
;25003
;25070
;25461
;25771
;25801
;25887
;26298
;26557
;26670
;26840
;27570
;27758
;28002
;28037
;28100
;28134
;28282
;28304
;28355
;28908
;28932
;29068
;29440
;29483
;29556
;29580
;29700
;29726
;29734
;29793
;30040
;30201
;30457
;30716
;30899
;30902
;31020
;31097
;31178
;31461
;31470
;31640
;31917
;31984
;31992
;32042
;32050
;32182
;32697
;32760
;33200
;33359
;34185
;34193
;34398
;34410
;34452
;34878
;34967
;35491
;35572
;35866
;36013
;36269
;36480
;36773
;36900
;36919
;37036
;37079
;37281
;37559
;37699
;37834
;38059
;38237
;38482
;38580
;39497
;40045
;40223
;40304
;40355
;40614
;40665
;40738
;40746
;40924
;41831
;42153
;42358
;42471
;42625
;42803
;42862
;43257
;43290
;43346
;43354
;43443
;43494
;43516
;43648
;45020
;45683
;45756
;45853
;46388
;46396
;46850
;47830
;48429
;48488
;48909
;49212
;49239
;49360
;49760
;50652
;50733
;52418
;52485
;52493
;52566
;52736
;52787
;54054
;54194
;54305
;54470
;54569
;54968
;55549
;56227
;56375
;57401
;57894
;58661
;59374
;59439
;59455
;59536
;60232
;60267
;60399
;60593
;60704
;60771
;60780
;61409
;61638
;62219
;64270
;64424
;64432
;64769
;64874
;65110
;65129
;65412
;66214
;66524
;66958
;67210
;68195
;68586
;68977
;69469
;69493
;70122
;70807
;70840
;70882
;71200
;71293
;71820
;72990
;73121
;73288
;73962
;73970
;74039
;74055
;74063
;74144
;74152
;75183
;75280
;75418
;75515
;76147
;76503
;77429
;77747
;77755
;79162
;80071
;80616
;80721
;80810
;81019
;81841
;83305
;83313
;83321
;83372
;83593
;84107
;84131
;84298
;84387
;84409
;84883
;85006
;85030
;85065
;85111
;85120
;85138
;86940
;87114
;87394
;87440
;87475
;87645
;87831
;88170
;89257
;89303
;90204
;90751
;91120
;91138
;92029
;92401
;92592
;92762
;92843
;92886
;93084
;93335
;93432
;93467
;93491
;93602
;93688
;93726
;94110
;94498
;95230
;95435
;95508
;95834
;96130
;96199
;96334
;96369
;96504
;96512
;97659
;97802
;97926
;98540
;99570
;99961
;100820
;100897
;101117
;102210
;102369
;102490
;102520
;102946
;103675
;103683
;104299
;104361
;104469
;104817
;104914
;104973
;106046
;106348
;106674
;106704
;107433
;107557
;107697
;107930
;108472
;108898
;109169
;109584
;110078
;110310
;111341
;111805
;112577
;112658
;112798
;112810
;112844
;112909
;112968
;113050
;113158
;113441
;113760
;113948
;113999
;114405
;115010
;115576
;115703
;115762
;117145
;117153
;117161
;117498
;118176
;118265
;118273
;118974
;119091
;119130
;119261
;120448
;120545
;120766
;120960
;121304
;121851
;122114
;122351
;122564
;122580
;123110
;124460
;125202
;125229
;125326
;125482
;126179
;126276
;126608
;126667
;126853
;127329
;127337
;127868
;128090
;128295
;128376
;128880
;129445
;129984
;130184
;131229
;132004
;132012
;132250
;132446
;132470
;132500
;132535
;132608
;132845
;133299
;134210
;134686
;134945
;135020
;136328
;136417
;136638
;136654
;136743
;136883
;137103
;137391
;137561
;137642
;138002
;138770
;138983
;140317
;140821
;141305
;141518
;142530
;143286
;143340
;143367
;144703
;145912
;145971
;145980
;146315
;146706
;146749
;147397
;148296
;148628
;148822
;149233
;149420
;149489
;150304
;150428
;150452
;150630
;150649
;150789
;151092
;151475
;151700
;151777
;151807
;151980
;152218
;152323
;152382
;152560
;152587
;153010
;153540
;153680
;153702
;153710
;153788
;153796
;153834
;154040
;154440
;154520
;154598
;154644
;154717
;155314
;155357
;155594
;155870
;156175
;156183
;156191
;156264
;156434
;157600
;157627
;157848
;158224
;158259
;158399
;158402
;158623
;158747
;158771
;158798
;158992
;159212
;159808
;160091
;160377
;160601
;160652
;162671
;162698
;163368
;163856
;164461
;164658
;164720
;164984
;165425
;165727
;166383
;166596
;166804
;166936
;167037
;167452
;168084
;168157
;168351
;168513
;168599
;168793
;169366
;169595
;169692
;169757
;169919
;170631
;170976
;171026
;171573
;172057
;172324
;172863
;172952
;173029
;173410
;175498
;175609
;175676
;175684
;175714
;175730
;175900
;175960
;176613
;176800
;176818
;177164
;179108
;179175
;179230
;180408
;180661
;180700
;181358
;181528
;181986
;182109
;182613
;182648
;183415
;183687
;183792
;183946
;184047
;185213
;185990
;187313
;187470
;187534
;187577
;187666
;187720
;187984
;188026
;188140
;188573
;188638
;188964
;189049
;189367
;190004
;191264
;192007
;192015
;192619
;192929
;193224
;194107
;195570
;196282
;196428
;197173
;197181
;199702
;199761
;200786
;201200
;201278
;201332
;201626
;202452
;203408
;203424
;206199
;206377
;206415
;206784
;207438
;207837
;208361
;208442
;208540
;208698
;208744
;208850
;209139
;209767
;210650
;210994
;212512
;212970
;213284
;213330
;213454
;213519
;213896
;214205
;214728
;214736
;214787
;214841
;214930
;215210
;215694
;215708
;215830
;216283
;216402
;216690
;217182
;217328
;217450
;217530
;217590
;217611
;217778
;218227
;218375
;219088
;219231
;219304
;219568
;219754
;220965
;221082
;221139
;221880
;222100
;222275
;222402
;223751
;223930
;224049
;224316
;224464
;225452
;225584
;225665
;225690
;225738
;226041
;226220
;226556
;226890
;228117
;228940
;228966
;228982
;229091
;230111
;231177
;231819
;231975
;232335
;232459
;232629
;232807
;232866
;232980
;233455
;234214
;234788
;234990
;235032
;235075
;235083
;235989
;236055
;236136
;236241
;236306
;236411
;236942
;236950
;237388
;237523
;237639
;238147
;238430
;238600
;239500
;240664
;240850
;241016
;241326
;242977
;243019
;243116
;243124
;243620
;243825
;244260
;244570
;244619
;245267
;245666
;245682
;247049
;247383
;247995
;248053
;248134
;248223
;248703
;248860
;249203
;249513
;249556
;250554
;250848
;250899
;251011
;251119
;251330
;251488
;251526
;251607
;251810
;251879
;252140
;252522
;252719
;253308
;253740
;253812
;253960
;254401
;255416
;255440
;255467
;255793
;256250
;256595
;256897
;257290
;258032
;258300
;258822
;260061
;260118
;260738
;261599
;263109
;263257
;263885
;264016
;264130
;264202
;264547
;264741
;264806
;264938
;265489
;265535
;265683
;265870
;265969
;265977
;266035
;266361
;266671
;266779
;267058
;267295
;267783
;267813
;267945
;268011
;268119
;268232
;268607
;268860
;268879
;268895
;269166
;269506
;269620
;269859
;270180
;270784
;270989
;271276
;271624
;271659
;271942
;271977
;272264
;272477
;272515
;272817
;273104
;273155
;273180
;273236
;273562
;275182
;275247
;275280
;275603
;275891
;276219
;276308
;276952
;277053
;277193
;277387
;277420
;277431
;277435
;277500
;277511
;277550
;277564
;277608
;277616
;277632
;277637
;277646
;277651
;277682
;277688
;277689
;277702
;277710
;277723
;277725
;277747
;277812
;277821
;277827
;277831
;277832
;277869
;277882
;277902
;277912
;277914
;277920
;277926
;277929
;277970
;278002
;278011
;278018
;278032
;278040
;278044
;278061
;278109
;278122
;278156
;278158
;278169
;278191
;278200
;278201
;278205
;278207
;278212
;278227
;278256
;278264
;278299
;278319
;278342
;278370
;278391
;278408
;278409
;278416
;278432
;278439
;278476
;278485
;278495
;278498
;278499
;278501
;278512
;278515
;278520
;278525
;278533
;278549
;278567
;278570
;278585
;278588
;278605
;278614
;278617
;278656
;278672
;278683
;278684
;278687
;278704
;278715
;278737
;278738
;278742
;278758
;278763
;278777
;278779
;278782
;278784
;278785
;278787
;278788
;278790
;278791
;278798
;278799
;278801
;278802
;278816
;278819
;278838
;278843
;278862
;278863
;278867
;278876
;278897
;278901
;278903
;278907
;278929
;278938
;278939
;278953
;278957
;279011
;279012
;279013
;279014
;279015
;279017
;279027
;279039
;279045
;279049
;279065
;279079
;279105
;279114
;279120
;279121
;279142
;279145
;279150
;279194
;279219
;279268
;279272
;279298
;279310
;279315
;279320
;279330
;279356
;279362
;279366
;279375
;279384
;279400
;279412
;279417
;279418
;279422
;279424
;279461
;279477
;279478
;279502
;279503
;279512
;279517
;279530
;279532
;279540
;279546
;279559
;279561
;279563
;279566
;279572
;279573
;279586
;279670
;279683
;279695
;279704
;279708
;279722
;279723
;279731
;279740
;279772
;279802
;279830
;279831
;279851
;279859
;279906
;279907
;279912
;279915
;279925
;279931
;279933
;279942
;279948
;279951
;279968
;279970
;279973
;279979
;280004
;280015
;280024
;280025
;280032
;280034
;280044
;280048
;280063
;280068
;280069
;280084
;280089
;280105
;280127
;280148
;280150
;280172
;280182
;280195
;280197
;280215
;280253
;280266
;280274
;280300
;280311
;280329
;280343
;280351
;280414
;280439
;280442
;280470
;280509
;280518
;280566
;280567
;280572
;280580
;280595
;280653
;280675
;280719
;280724
;280732
;280736
;280740
;280754
;280776
;280779
;280782
;280814
;280832
;280848
;280869
;280870
;280872
;280876
;280883
;280897
;280901
;280904
;280917
;280919
;280933
;280946
;280951
;280954
;280976
;280993
;281000
;281018
;281021
;281058
;281100
;281111
;281129
;281137
;281142
;281161
;281168
;281174
;281176
;281188
;281200
;281208
;281209
;281213
;281223
;281239
;281255
;281268
;281277
;281291
;281335
;281337
;281339
;281346
;281419
;281444
;281454
;281460
;281469
;281489
;281496
;281498
;281527
;281531
;281539
;281544
;281546
;281550
;281559
;281571
;281599
;281643
;281670
;281674
;281684
;281686
;281706
;281716
;281717
;281726
;281732
;281734
;281736
;281755
;281801
;281834
;281835
;281844
;281853
;281854
;281868
;281874
;281877
;281886
;281891
;281905
;281924
;281930
;281931
;281950
;281961
;281963
;281967
;281992
;282008
;282021
;282034
;282042
;282059
;282109
;282112
;282113
;282123
;282190
;282232
;282238
;282264
;282284
;282286
;282287
;282296
;282302
;282303
;282304
;282307
;282316
;282318
;282321
;282327
;282330
;282333
;282363
;282366
;282401
;282430
;282436
;282439
;282449
;282474
;282480
;282482
;282483
;282489
;282490
;282514
;282529
;282542
;282557
;282584
;282587
;282590
;282597
;282619
;282637
;282653
;282664
;282670
;282673
;282681
;282700
;282711
;282737
;282740
;282764
;282800
;282806
;282807
;282811
;282819
;282823
;282862
;282888
;282894
;282902
;282919
;282936
;282943
;282954
;282964
;282968
;282975
;282996
;282998
;283008
;283013
;283018
;283051
;283053
;283057
;283070
;283076
;283078
;283089
;283096
;283103
;283109
;283110
;283116
;283123
;283124
;283135
;283144
;283153
;283180
;283183
;283186
;283192
;283203
;283217
;283218
;283224
;283228
;283252
;283269
;283273
;283286
;283307
;283312
;283313
;283322
;283324
;283333
;283334
;283341
;283343
;283347
;283392
;283419
;283432
;283459
;283472
;283489
;283500
;283513
;283517
;283531
;283538
;283539
;283542
;283551
;283554
;283566
;283583
;283584
;283585
;283587
;283619
;283628
;283640
;283646
;283650
;283655
;283670
;283675
;283700
;283702
;283735
;283738
;283744
;283762
;283776
;283777
;283782
;283830
;283831
;283839
;283861
;283874
;283881
;283901
;283905
;283923
;283937
;283940
;283942
;283963
;283968
;283990
;284006
;284025
;284038
;284054
;284103
;284125
;284141
;284148
;284182
;284195
;284198
;284208
;284215
;284216
;284230
;284235
;284243
;284258
;284274
;284280
;284281
;284334
;284336
;284355
;284393
;284394
;284395
;284418
;284424
;284427
;284435
;284455
;284461
;284466
;284470
;284471
;284474
;284475
;284500
;284519
;284525
;284531
;284534
;284535
;284543
;284547
;284549
;284551
;284552
;284562
;284601
;284604
;284605
;284615
;284622
;284623
;284629
;284642
;284643
;284648
;284654
;284670
;284677
;284695
;284706
;284721
;284732
;284735
;284753
;284770
;284794
;284795
;284811
;284826
;284832
;284837
;284840
;284843
;284851
;284879
;284880
;284882
;284884
;284887
;284901
;284915
;284920
;284925
;284941
;284957
;284958
;284989
;285005
;285006
;285008
;285012
;285020
;285022
;285029
;285038
;285058
;285070
;285101
;285108
;285113
;285119
;285124
;285132
;285135
;285165
;285177
;285181
;285185
;285206
;285212
;285220
;285226
;285230
;285234
;285235
;285268
;285273
;285280
;285287
;285295
;285297
;285304
;285313
;285318
;285335
;285359
;285380
;285382
;285389
;285390
;285392
;285395
;285396
;285401
;285415
;285419
;285435
;285437
;285447
;285450
;285457
;285461
;285474
;285485
;285500
;285513
;285514
;285518
;285521
;285529
;285561
;285568
;285572
;285581
;285595
;285628
;285630
;285642
;285644
;285649
;285650
;285670
;285689
;285694
;285701
;285717
;285720
;285723
;285726
;285738
;285743
;285753
;285767
;285769
;285780
;285782
;285793
;285799
;285803
;285831
;285832
;285842
;285869
;285931
;285967
;285982
;285984
;285997
;286003
;286013
;286016
;286023
;286026
;286027
;286037
;286041
;286049
;286052
;286053
;286067
;286068
;286069
;286077
;286079
;286081
;286085
;286097
;286101
;286112
;286115
;286116
;286121
;286122
;286134
;286136
;286138
;286146
;286157
;286158
;286159
;286164
;286165
;286167
;286180
;286185
;286199
;286209
;286222
;286233
;286243
;286245
;286249
;286261
;286283
;286284
;286285
;286286
;286289
;286296
;286301
;286302
;286309
;286313
;286322
;286354
;286357
;286364
;286369
;286376
;286410
;286415
;286422
;286439
;286441
;286442
;286448
;286452
;286454
;286461
;286467
;286472
;286483
;286487
;286495
;286501
;286517
;286526
;286536
;286542
;286547
;286549
;286553
;286558
;286559
;286573
;286575
;286578
;286579
;286580
;286595
;286596
;286603
;286605
;286606
;286612
;286626
;286631
;286644
;286650
;286667
;286702
;286707
;286726
;286732
;286739
;286740
;286745
;286750
;286754
;286757
;286764
;286779
;286786
;286797
;286811
;286817
;286838
;286850
;286865
;286868
;286878
;286888
;286902
;286916
;286946
;286950
;286955
;286987
;286991
;286995
;286997
;287000
;287006
;287009
;287014
;287020
;287031
;287040
;287042
;287044
;287059
;287063
;287071
;287077
;287079
;287084
;287089
;287098
;287107
;287114
;287119
;287122
;287124
;287133
;287135
;287147
;287152
;287153
;287158
;287165
;287168
;287170
;287181
;287186
;287189
;287192
;287203
;287211
;287218
;287222
;287226
;287231
;287234
;287247
;287253
;287256
;287258
;287264
;287281
;287285
;287294
;287311
;287312
;287331
;287332
;287341
;287345
;287349
;287352
;287356
;287357
;287363
;287367
;287386
;287400
;287408
;287430
;287431
;287452
;287459
;287472
;287508
;287514
;287515
;287530
;287532
;287546
;287553
;287563
;287577
;287587
;287590
;287598
;287602
;287603
;287609
;287622
;287640
;287674
;287675
;287683
;287689
;287695
;287703
;287704
;287717
;287722
;287730
;287733
;287743
;287744
;287759
;287765
;287773
;287777
;287779
;287780
;287782
;287798
;287799
;287812
;287820
;287821
;287824
;287825
;287832
;287834
;287840
;287841
;287845
;287846
;287850
;287852
;287853
;287861
;287887
;287896
;287898
;287907
;287918
;287919
;287920
;287923
;287927
;287931
;287932
;287957
;287959
;287981
;287990
;287998
;288000
;288002
;288012
;288043
;288052
;288057
;288080
;288082
;288091
;288093
;288094
;288095
;288101
;288109
;288111
;288114
;288115
;288125
;288126
;288130
;288134
;288142
;288152
;288155
;288156
;288162
;288173
;288174
;288179
;288181
;288188
;288194
;288195
;288206
;288208
;288218
;288222
;288229
;288236
;288237
;288243
;288244
;288247
;288252
;288262
;288294
;288298
;288301
;288302
;288307
;288313
;288318
;288323
;288325
;288326
;288356
;288357
;288360
;288366
;288369
;288373
;288388
;288399
;288400
;288407
;288410
;288421
;288428
;288433
;288440
;288458
;288462
;288464
;288467
;288476
;288479
;288504
;288519
;288521
;288526
;288528
;288533
;288534
;288540
;288543
;288545
;288547
;288563
;288572
;288574
;288579
;288581
;288597
;288599
;288601
;288620
;288621
;288633
;288639
;288647
;288648
;288655
;288659
;288665
;288670
;288673
;288679
;288683
;288684
;288690
;288697
;288699
;288703
;288721
;288730
;288734
;288739
;288743
;288744
;288766
;288767
;288772
;288781
;288784
;288787
;288790
;288793
;288794
;288800
;288803
;288805
;288806
;288815
;288817
;288821
;288825
;288826
;288828
;288829
;288830
;288839
;288840
;288851
;288862
;288863
;288865
;288876
;288883
;288894
;288895
;288897
;288900
;288917
;288924
;288937
;288943
;288948
;288961
;288965
;288966
;288970
;288971
;288989
;288991
;288992
;288993
;289004
;289009
;289014
;289015
;289016
;289026
;289045
;289049
;289055
;289056
;289058
;289061
;289068
;289070
;289079
;289091
;289096
;289109
;289116
;289117
;289131
;289136
;289140
;289142
;289149
;289151
;289158
;289164
;289165
;289184
;289185
;289187
;289189
;289190
;289201
;289203
;289205
;289209
;289213
;289215
;289216
;289224
;289232
;289235
;289237
;289239
;289257
;289263
;289264
;289270
;289273
;289274
;289276
;289278
;289285
;289290
;289294
;289309
;289311
;289314
;289318
;289319
;289321
;289323
;289324
;289336
;289343
;289353
;289356
;289366
;289370
;289373
;289374
;289377
;289382
;289398
;289408
;289428
;289430
;289433
;289447
;289450
;289454
;289456
;289462
;289463
;289482
;289486
;289487
;289488
;289489
;289492
;289497
;289501
;289507
;289509
;289518
;289519
;289521
;289522
;289528
;289530
;289533
;289539
;289544
;289545
;289550
;289553
;289559
;289566
;289574
;289577
;289578
;289579
;289593
;289601
;289603
;289606
;289607
;289613
;289616
;289620
;289621
;289623
;289625
;289627
;289629
;289630
;289636
;289637
;289638
;289640
;289641
;289644
;289647
;289650
;289653
;289655
;289660
;289662
;289666
;289670
;289692
;289696
;289697
;289704
;289707
;289713
;289714
;289723
;289739
;289745
;289751
;289753
;289757
;289758
;289759
;289770
;289773
;289783
;289793
;289801
;289805
;289811
;289816
;289818
;289823
;289825
;289829
;289833
;289835
;289840
;289846
;289847
;289849
;289853
;289854
;289859
;289862
;289864
;289887
;289891
;289892
;289896
;289900
;289902
;289909
;289911
;289914
;289923
;289938
;289945
;289958
;289966
;289969
;289971
;289972
;289975
;289976
;289979
;289980
;289983
;289986
;290002
;290007
;290017
;290021
;290024
;290028
;290031
;290046
;290056
;290058
;290060
;290066
;290074
;290079
;290081
;290089
;290092
;290096
;290099
;290101
;290104
;290105
;290109
;290111
;290127
;290128
;290132
;290134
;290135
;290139
;290140
;290145
;290156
;290162
;290175
;290183
;290185
;290189
;290190
;290192
;290195
;290197
;290205
;290210
;290212
;290213
;290216
;290219
;290221
;290223
;290224
;290230
;290231
;290237
;290246
;290248
;290251
;290255
;290274
;290278
;290279
;290283
;290307
;290309
;290315
;290328
;290337
;290339
;290354
;290379
;290387
;290393
;290405
;290414
;290420
;290423
;290438
;290440
;290448
;290450
;290455
;290461
;290468
;290473
;290486
;290490
;290493
;290496
;290504
;290507
;290514
;290515
;290517
;290522
;290524
;290525
;290528
;290534
;290537
;290541
;290547
;290551
;290568
;290569
;290571
;290576
;290582
;290584
;290589
;290592
;290596
;290598
;290603
;290607
;290618
;290620
;290622
;290627
;290632
;290633
;290634
;290635
;290638
;290641
;290651
;290653
;290654
;290656
;290657
;290660
;290663
;290666
;290668
;290670
;290674
;290678
;290691
;290694
;290698
;290701
;290716
;290717
;290721
;290723
;290724
;290735
;290742
;290748
;290749
;290756
;290765
;290770
;290777
;290779
;290786
;290789
;290792
;290795
;290800
;290802
;290806
;290809
;290810
;290812
;290814
;290825
;290831
;290834
;290836
;290838
;290843
;290849
;290854
;290860
;290870
;290872
;290878
;290880
;290882
;290883
;290884
;290890
;290892
;290919
;290920
;290923
;290927
;290931
;290942
;290943
;290953
;290958
;290961
;290962
;290963
;290965
;290968
;290990
;290994
;290998
;291003
;291007
;291010
;291012
;291015
;291018
;291021
;291023
;291025
;291026
;291027
;291037
;291044
;291047
;291049
;291052
;291057
;291064
;291080
;291083
;291084
;291085
;291089
;291091
;291094
;291096
;291100
;291105
;291114
;291116
;291123
;291124
;291129
;291133
;291141
;291143
;291147
;291149
;291156
;291164
;291165
;291172
;291176
;291177
;291184
;291187
;291190
;291193
;291195
;291196
;291199
;291204
;291205
;291206
;291209
;291212
;291214
;291217
;291218
;291224
;291228
;291230
;291231
;291234
;291237
;291242
;291243
;291248
;291251
;291257
;291259
;291262
;291265
;291266
;291268
;291269
;291270
;291273
;291274
;291275
;291281
;291282
;291283
;291285
;291291
;291299
;291302
;291304
;291309
;291317
;291325
;291328
;291341
;291344
;291353
;291355
;291358
;291359
;291360
;291364
;291366
;291370
;291371
;291373
;291374
;291378
;291379
;291386
;291392
;291395
;291396
;291398
;291405
;291408
;291409
;291410
;291411
;291412
;291422
;291424
;291425
;291429
;291430
;291433
;291434
;291435
;291436
;291438
;291441
;291447
;291449
;291451
;291452
;291454
;291455
;291458
;291463
;291466
;291468
;291472
;291477
;291479
;291480
;291482
;291486
;291494
;291500
;291503
;291505
;291511
;291513
;291518
;291519
;291525
;291526
;291532
;291535
;291538
;291543
;291544
;291545
;291549
;291551
;291554
;291557
;291559
;291560
;291561
;291562
;291563
;291568
;291573
;291577
;291579
;291580
;291584
;291585
;291587
;291591
;291593
;291594
;291595
;291596
;291598
;291599
;291601
;291602
;291603
;291604
;291610
;291611
;291616
;291624
;291625
;291634
;291636
;291640
;291641
;291642
;291647
;291648
;291649
;291659
;291662
;291667
;291675
;291678
;291680
;291681
;291684
;291685
;291686
;291688
;291693
;291698
;291700
;291703
;291705
;291710
;291714
;291717
;291719
;291726
;291730
;291731
;291733
;291738
;291744
;291745
;291748
;291749
;291751
;291753
;291764
;291767
;291768
;291771
;291772
;291775
;291777
;291781
;291784
;291786
;291793
;291795
;291819
;291823
;291829
;291833
;291841
;291854
;291855
;291861
;291862
;291864
;291868
;291878
;291881
;291885
;291896
;291899
;291904
;291906
;291909
;291910
;291912
;291919
;291920
;291922
;291923
;291928
;291929
;291932
;291933
;291935
;291937
;291944
;291946
;291947
;291948
;291952
;291957
;291973
;291976
;291981
;291990
;292000
;292003
;292004
;292006
;292018
;292024
;292029
;292030
;292043
;292045
;292047
;292052
;292054
;292056
;292057
;292060
;292062
;292063
;292065
;292067
;292073
;292076
;292080
;292081
;292083
;292086
;292089
;292093
;292097
;292105
;292109
;292110
;292119
;292120
;292127
;292128
;292138
;292140
;292141
;292147
;292148
;292150
;292156
;292158
;292161
;292164
;292170
;292181
;292182
;292183
;292185
;292186
;292189
;292193
;292196
;292198
;292201
;292205
;292214
;292216
;292217
;292219
;292227
;292228
;292231
;292234
;292235
;292238
;292239
;292240
;292241
;292243
;292247
;292248
;292249
;292251
;292253
;292254
;292256
;292259
;292262
;292263
;292264
;292265
;292285
;292287
;292288
;292295
;292297
;292304
;292305
;292308
;292317
;292331
;292339
;292344
;292346
;292350
;292351
;292353
;292354
;292356
;292357
;292363
;292364
;292370
;292371
;292372
;292374
;292375
;292376
;292377
;292384
;292386
;292387
;292388
;292390
;292391
;292393
;292397
;292404
;292408
;292413
;292417
;292438
;292439
;292440
;292442
;292459
;292462
;292463
;292468
;292471
;292477
;292478
;292483
;292494
;292497
;292502
;292503
;292508
;292510
;292511
;292518
;292522
;292523
;292527
;292530
;292532
;292534
;292540
;292541
;292544
;292546
;292549
;292552
;292553
;292555
;292558
;292559
;292565
;292566
;292567
;292568
;292569
;292571
;292573
;292575
;292579
;292580
;292583
;292588
;292591
;292592
;292594
;292595
;292596
;292599
;292600
;292605
;292611
;292612
;292613
;292615
;292621
;292624
;292625
;292629
;292633
;292634
;292637
;292639
;292640
;292641
;292648
;292651
;292658
;292660
;292663
;292665
;292666
;292667
;292674
;292679
;292681
;292691
;292692
;292695
;292699
;292701
;292702
;292705
;292710
;292720
;292723
;292725
;292726
;292728
;292730
;292736
;292737
;292743
;292752
;292753
;292754
;292755
;292756
;292757
;292764
;292765
;292766
;292770
;292771
;292772
;292774
;292775
;292786
;292788
;292789
;292790
;292807
;292808
;292810
;292811
;292812
;292823
;292826
;292828
;292840
;292843
;292845
;292851
;292854
;292859
;292861
;292862
;292863
;292864
;292866
;292873
;292874
;292876
;292879
;292881
;292884
;292892
;292893
;292894
;292898
;292899
;292904
;292905
;292908
;292913
;292920
;292921
;292923
;292925
;292930
;292931
;292932
;292933
;292936
;292937
;292939
;292942
;292949
;292959
;292960
;292963
;292967
;292975
;292977
;292979
;292987
;292989
;292991
;292994
;292997
;293005
;293006
;293009
;293010
;293013
;293016
;293017
;293018
;293019
;293021
;293022
;293023
;293026
;293029
;293031
;293032
;293033
;293036
;293038
;293041
;293042
;293043
;293045
;293046
;293048
;293049
;293051
;293058
;293061
;293063
;293065
;293069
;293075
;293077
;293082
;293084
;293085
;293093
;293097
;293099
;293100
;293102
;293109
;293110
;293111
;293112
;293113
;293115
;293119
;293122
;293123
;293126
;293131
;293134
;293135
;293136
;293146
;293147
;293149
;293150
;293151
;293152
;293154
;293155
;293158
;293160
;293162
;293163
;293164
;293167
;293169
;293171
;293179
;293192
;293194
;293197
;293200
;293208
;293209
;293214
;293217
;293218
;293221
;293226
;293229
;293237
;293238
;293240
;293244
;293248
;293249
;293250
;293252
;293253
;293254
;293268
;293269
;293273
;293274
;293284
;293285
;293286
;293287
;293288
;293294
;293297
;293300
;293310
;293312
;293313
;293314
;293318
;293320
;293322
;293329
;293330
;293337
;293341
;293342
;293345
;293347
;293348
;293358
;293359
;293360
;293361
;293362
;293364
;293367
;293368
;293369
;293373
;293376
;293380
;293381
;293382
;293387
;293388
;293390
;293391
;293392
;293395
;293400
;293403
;293413
;293416
;293418
;293422
;293426
;293429
;293431
;293434
;293436
;293437
;293439
;293440
;293444
;293447
;293450
;293451
;293453
;293455
;293457
;293460
;293463
;293469
;293470
;293471
;293473
;293481
;293483
;293486
;293487
;293489
;293490
;293492
;293493
;293497
;293500
;293503
;293505
;293507
;293508
;293510
;293512
;293513
;293515
;293516
;293520
;293521
;293523
;293526
;293527
;293528
;293529
;293530
;293533
;293535
;293536
;293537
;293539
;293540
;293541
;293542
;293544
;293552
;293554
;293555
;293561
;293562
;293566
;293568
;293569
;293570
;293571
;293576
;293581
;293584
;293588
;293594
;293595
;293599
;293601
;293604
;293605
;293608
;293612
;293613
;293614
;293615
;293616
;293617
;293620
;293621
;293622
;293623
;293624
;293627
;293635
;293636
;293638
;293640
;293645
;293650
;293654
;293657
;293662
;293664
;293666
;293667
;293669
;293672
;293676
;293678
;293694
;293699
;293701
;293702
;293705
;293706
;293718
;293719
;293721
;293722
;293723
;293729
;293730
;293731
;293732
;293734
;293737
;293742
;293744
;293747
;293751
;293752
;293757
;293761
;293764
;293771
;293772
;293773
;293774
;293779
;293780
;293781
;293782
;293783
;293784
;293785
;293795
;293798
;293799
;293801
;293804
;293807
;293809
;293810
;293811
;293814
;293815
;293817
;293819
;293822
;293823
;293824
;293828
;293830
;293839
;293840
;293841
;293847
;293848
;293849
;293852
;293855
;293856
;293859
;293861
;293862
;293865
;293867
;293871
;293872
;293873
;293874
;293875
;293879
;293882
;293883
;293884
;293886
;293887
;293888
;293893
;293895
;293896
;293898
;293899
;293900
;293901
;293902
;293906
;293909
;293910
;293911
;293912
;293915
;293916
;293917
;293920
;293921
;293923
;293924
;293926
;293927
;293928
;293932
;293933
;293934
;293939
;293942
;293946
;293948
;293951
;293954
;293955
;293957
;293958
;293960
;293965
;293967
;293973
;293978
;293979
;293981
;293982
;293991
;293992
;293997
;293998
;294000
;294007
;294009
;294014
;294016
;294017
;294020
;294023
;294024
;294026
;294029
;294030
;294033
;294035
;294037
;294040
;294045
;294046
;294051
;294054
;294062
;294063
;294065
;294067
;294068
;294069
;294070
;294072
;294073
;294074
;294075
;294078
;294080
;294081
;294082
;294087
;294088
;294092
;294095
;294096
;294101
;294108
;294109
;294111
;294117
;294120
;294121
;294122
;294123
;294124
;294125
;294127
;294128
;294129
;294130
;294133
;294134
;294135
;294136
;294143
;294144
;294148
;294149
;294157
;294158
;294159
;294161
;294162
;294163
;294164
;294173
;294174
;294178
;294179
;294183
;294184
;294186
;294188
;294192
;294194
;294195
;294196
;294199
;294204
;294205
;294206
;294207
;294208
;294209
;294210
;294211
;294213
;294214
;294218
;294219
;294225
;294228
;294230
;294232
;294237
;294239
;294244
;294251
;294256
;294259
;294261
;294265
;294268
;294269
;294271
;294273
;294274
;294275
;294280
;294284
;294286
;294289
;294291
;294292
;294294
;294295
;294298
;294301
;294305
;294309
;294310
;294313
;294317
;294318
;294323
;294324
;294325
;294329
;294330
;294333
;294334
;294338
;294340
;294341
;294345
;294346
;294350
;294353
;294358
;294360
;294361
;294367
;294368
;294369
;294371
;294373
;294378
;294379
;294384
;294385
;294392
;294394
;294397
;294403
;294404
;294406
;294407
;294408
;294409
;294410
;294411
;294414
;294415
;294417
;294421
;294422
;294423
;294424
;294425
;294427
;294428
;294429
;294432
;294437
;294438
;294440
;294442
;294444
;294445
;294446
;294447
;294448
;294452
;294454
;294455
;294458
;294459
;294460
;294461
;294462
;294463
;294468
;294469
;294470
;294474
;294477
;294480
;294483
;294484
;294485
;294489
;294490
;294493
;294494
;294496
;294498
;294499
;294500
;294501
;294507
;294512
;294513
;294515
;294517
;294524
;294525
;294526
;294535
;294537
;294541
;294543
;294548
;294551
;294552
;294555
;294556
;294557
;294560
;294566
;294567
;294569
;294570
;294575
;294578
;294580
;294581
;294584
;294585
;294586
;294588
;294589
;294598
;294599
;294604
;294605
;294608
;294609
;294611
;294612
;294613
;294614
;294618
;294619
;294620
;294621
;294623
;294625
;294626
;294628
;294637
;294638
;294640
;294641
;294642
;294643
;294645
;294648
;294649
;294652
;294653
;294655
;294659
;294660
;294663
;294664
;294667
;294669
;294671
;294680
;294682
;294683
;294684
;294685
;294689
;294693
;294694
;294701
;294702
;294703
;294710
;294712
;294714
;294716
;294719
;294724
;294725
;294726
;294727
;294728
;294730
;294733
;294734
;294735
;294737
;294738
;294740
;294744
;294746
;294747
;294749
;294750
;294752
;294753
;294754
;294756
;294758
;294759
;294760
;294761
;294764
;294765
;294768
;294770
;294771
;294772
;294779
;294781
;294783
;294785
;294788
;294791
;294792
;294793
;294796
;294798
;294799
;294800
;294801
;294803
;294805
;294806
;294808
;294812
;294814
;294815
;294816
;294818
;294819
;294820
;294823
;294824
;294825
;294827
;294828
;294831
;294835
;294837
;294841
;294845
;294848
;294853
;294856
;294863
;294865
;294866
;294868
;294871
;294877
;294881
;294882
;294883
;294884
;294890
;294892
;294893